This line is a comment block. Write whatever you want here.
This line is a comment block. Write whatever you want here.
This line is a comment block. Write whatever you want here.
This line is a comment block. Write whatever you want here.
This line is a comment block. Write whatever you want here.
This line is a comment block. Write whatever you want here.
This line is a comment block. Write whatever you want here.
9c530f39c457bc2855b28d0a05f86b29b53d1718ed46ea8d9f0b1c8148bcfdef 7 0 0 0
c18f386f35285bca39cdb52a6ac00f65171ae7974704b6dc784498dc2f644fd6 4 0 0 0
83a34cf909763eea2fde6a8d4bdb2a9a8da084a82af7bd0e1e4360c55b1cce3c 4 0 0 0
e239ad18f218f07dd315897a5907da41240c74b0f008fb57ab251adc05371c81 3 0 0 0
f2c7ea1d5a1cc0e74b272ed7a8b2b8d3d76d2fb1b67cc9a26df3549a7bcb0cf8 66 0 0 0
37ae20990f649b2443f4883d06da22a59ec9acdc817dfb1fe7fe8140d59ebf36 8 0 0 0
0abb4511b9727fc4349dd83503129984ed880675ebfdd1f25b9addb46c935536 1 0 0 0
9df2144094a964caac2c46cc6b53724a06f8c70fb214ae24338e864e4f077017 853 0 0 0
10ed7742f3e1f79bf3cce4878f12a8d8367c54cc29560ac4b471cb684e25c251 7 0 0 0
757ed82c4283c1c44dc9262472e59e29f69da0ea25a1a80fbb443dfa871b22a1 1 0 0 0
56514beecd7e6f5b83f92f4731142372b491d8d03d87942ee8974b0d1dc7ff97 878 0 0 0
f9635ba8a8a9292808aad2a3b507dec3cd16c36ea421a4c89da96857843a4107 96 0 0 0
0c2a2be655ee5bd21a27bec51b71397a8d6e4c39ff39927c00aea86b537f24cd 35 0 0 0
270225fcd7dde25d5817149866f9c45688a75f334258b3d20e02ea84ff78c3a7 10 0 0 0
4008a4c95673995713a82c1a656dd4410eaac2486b32352855f39c771b542bcb 28 0 0 0
511573258449c19bfcd0927f6bfb145febafdd14399191bc45397d66a7c7c9c0 46 0 0 0
fe4aada6aedceff2a8ef83e6dc6ca2c41dd5d3eb5b6666e0b2c48884e94d627b 0 0 0 0
f4cfd00884c1e99a3fcd9566630179582edaee03e74f8851ba9150482453d6b1 6 0 0 0
55a77a95e992eaa15c4168a9d8a26d9249b25d17d81456b654ca82302c9c242a 3 0 0 0
fb240f025a14f1288cab5d5f5e69449021f0b18f7ead526bdca71c187f90c674 49 0 0 0
d16fd770649a8cca9c5e6e8def2c738661548c6de3248125ffb7431c35d7757d 15 0 0 0
9a11003395a1f991bc590a7e895973c7c71db75b8ab2e9c982ca46960959bf7f 9 0 0 0
f35e52f0b14e49bc0a2d61b4a0784b38db9eb4216e10ec4fe00f47914ccd501a 18 1 81 0
2bde9d83a5c8aef72ce2e9b44d9e313e926bc0b5faa3404067b5baf474ddc1ec 19 1 81 0
2212dab343c0c97a51b185cfa72c746ca031a28f717d7c1a0b8ceb4d1151f76b 11 5 178 15
48c99e18ed9cc1d365a4987659811c13c8d79ab107734aabe959c2fe7d8a97b3 1 1 1389 0
80826f0344ba457fad162dfc8e41473a1807a60689e6d3cda528608274d79bba 1 1 984 0
2a87f6d64f27dc616c759397502ba2ca8081794b4bb32545a9b6e4fd891284f3 1 1 1003 0
a2bc44f9c5b541685519a2e99c2cb04eeb40df5a6eec4c8881e5a7d09bbd5fdf 7 4 1063 9
7d63054e54463a81fbe1d025724a0600b6dda1b850d8cd482bc6e7adb850a8a4 12 7 195 15
b3966f6476aa77ac0642a9ee28613fd8022d5f6b4b4de63422d3582e27982f7c 12 10 1319 109
22f4f570542d6f1d6666e7a0427269d3b79d58cddf78775956676efc3c10ca13 6 4 1247 18
e709ddf125f779fb290c2669be6335f3b28d95fb376fe3f0f0347f3699c60fa9 13 13 859 859
36a710f6e20309a286907ca2897c544d66035a8f79c979bc2d208ff1b7e1880a 2 2 2578621 0
1d8dbb95c771da7886e9c118e3282157ee6ba90912868feb179afa375032eafe 4 4 359 57
fe32a4b2cf0eaeb856ac8b11d13956cd7d8e059268de44e86d130716d6fb2647 65 0 0 0
41a1cd2afc87f24647d2093ec08a7f090a28141b3cc8fa30de95e946960317a2 2 0 0 0
affc48b94963a27ab890d4263d88870cc42cfbb0e3d338594c03b63e0dab8769 2 0 0 0
277a6abeaf79fc105a4a568494dd29ea1e308cca1cfd1f35b006ec869549da27 2 0 0 0
cd45edbff8b825be4b6ba3ef69560b1dc1a1f108eb4e1d702b98d9b9d3004b23 10 7 1191 143
6055c7686107f46e731f5a5e11f978c8545c9af1b52c4b80e5c1764da132fe04 21 14 41 511
01559a9f0bf53abd0bcc7ff9fa5414a92cab1b28366da69248d361d55affdc7a 1 1 352 0
95bb4d7fc60766f64ff5aba85dd27d6c3c0b777f9e30a533aab83fd595b643ab 92 0 0 0
0870ee019f90f0bcc111d7fa20dd72d01759d0fb6f2d58674bfe134cc845f8b9 163 1 31 0
e7863d6d61237ecdfc25dc53e1ff2a6218adb1ebc06b36a7c908272a6298c03e 2 2 226 0
482daabff20091f5d66d4bfe8e4f8734d0dc3f18c6b87eb63bc9aa0b6ab66a6a 1 1 416 0
fab0ebbece34c4fb375cc6f5cefedc92a056271dfc844b6947a3da568dfcdc6c 1 1 457 0
bf19c60d6d8219761ffd82a713b4ade1031b4be5e201fa8d2dabd9b3b8ad12e0 29 0 0 0
70d4194ef96fba27a759f1b6e9143b94920cd347756ccfd576ba69507572342c 27 0 0 0
4e593833d9c4a5b29963e9c52ef2a31552bf00f873c7090f52feaa427d5ecef4 42 1 1 0
3a6992f755dcd741d846333b97f1066bfc25d515e037f550f0b0d44b24bff558 1 0 0 0
d4fb991bb45b5444ac390774c7481b6a89a17817687556cc2994f9454808f1c1 8 0 0 0
bacc68d17583cb78010e2f30aff2a3077475f23e8a5be9326ba2b0c288266d6c 113 18 1422 353
e06585db2c4f935c802ee6b0d933af600ee07a61dd4584c9563257c242a38a9e 7 0 0 0
539c13074366bfc6eda8488688ee29c39f962c5e5bbf8b51c973dfc63ece2887 3 0 0 0
ee08a0633b73f8e3ea5737f29e6821a2a3a8824d929b602e42c7530ba65826d0 8 0 0 0
c42b03e0e81dfae22323b46c16268c53eb61ef6f40fb44af6b5ece66b0432fb2 5 0 0 0
f155ce5782a11599691feee37dee2e4550eebee8ffe38a1124089c4229b89a9a 1 1 17 0
89f738a8c65caca0e4c832e79188bed5bbf16ac9c91798ab9ab85c863982ed27 4 0 0 0
1dc2fea502e30914d16ce8f0c4ed2cc30e9edd3d5f800d2866b78374685365ad 13 0 0 0
45224413863476c9de5092f47e0d72c84848ec35dd6a6c74a13d9fc47b82c4e5 1 0 0 0
07b32abd1e498dfb6743a7a730301a9c541bcd51cfb6ffeddeba3ac6c6c41ad6 9 1 140 0
73ad7e4b02b995ac8ec49e9f0893e5d75559a03d9c03fd044646c04291b5dc5a 5 0 0 0
427421b4c358327d6388eab49fcfb326985c154b7235199b87c373b3b82f9cd4 3 0 0 0
789569f29a021be7cfc027b7698f347b5d3fa9b4ad499f0fb69cdaf460cab6ab 3 0 0 0
76ba38dfa64f4531fd921f75c9e2847726b4675dfc4a6e7edcc94f17fe6f2c0b 160 80 5127 1315
c67d51e6fd3b09ef24d247a53f8f265bf006823d37d28e514200f3294f9a58c2 1 0 0 0
83a22db001471e87cb21938e8a081eb71aa0e342ee10ef1c0c82d1193ff08957 4 1 146 0
75864c04ee762b78ae4dcee2b27dfd371ae1f7a00f87f880459febc54e6a9076 38 34 1649 765
f935301aefb3644160c14c85ca6f1ed69901a6c66bac7e9264ed60cc66209b68 311 136 1358070 15398
101388fb320a6d72b1fb7e6f24fdb84629b8fd0f464c37f88640e71f5b71b0c9 12 0 0 0
daa83bf4d6938b45e8e07c2d5285b376a6bb14aa3bbc2ddb0bc2a33884ac0fd9 136 0 0 0
2a2e046861c69679099512bc9c130358b382ac63cc5f7cd23047dbe4b207e7ca 6 0 0 0
59461e80106f4860e969cffc5fcd77d5b3a24864fa2228aba9dc806039a390db 2 0 0 0
2b523771e69c43953fa64afe41bea91d0fd66b7100fcd0f9eb0729d9d79aa533 11 0 0 0
99c5cb7ee74415fdddff428291f18b2507faf0c6c4b7c70bcf73068d010ff142 4 0 0 0
ee7c393bb9724cfde0c7531c8d1fffa8843903e9285defab20c1d275cdaa49be 1 0 0 0
dd404b7e09f92899276ff533f0f4a530a05fd15d1ffe262254be1efd02cae4d1 2 0 0 0
97b34411966c4f7222e965609593b7734b1465004c902b6303e98c6ee4a786c8 5 0 0 0
f7176cf173071a37c5bd5ad033845dda4b4bcd1b258c1cb197c594fc9e9cb6d1 6 0 0 0
e1ff2e06186694c9ddd81522d0b283a8211ae95700f5655e0f1f9e70cc3ca2ae 22 0 0 0
f9e9ad7b927e1f163d5072f875a5cc702a86d7047ca738267d6cb96e66be700e 15 0 0 0
e5a36da446724762d8e368984b6264ffcb073d88c360c7f897f68fbcd76f6cc1 3 0 0 0
a8d276c946dc0cedc52b4bde0414ee7d2c0882925e135ba07dd326451661901b 8 0 0 0
dfe8383ab090fe4fe31a605282b92e025fda29b18a45a8ca34807e66a25d36a0 7 0 0 0
4ea893305f3fe72fc11dc36a5c001c630c69b3d84bfd69a0aa4c6f186d576c01 10 0 0 0
f8c0c5d0b941a948fc8af073dbcd38aaa3d39f551ca7ea1976b10ed5e656247f 11 0 0 0
c5bb05dd7133ff3866aee1de66eff2dcb71bc3aaa6df84e93b2f3063e6f969f4 3 0 0 0
f3c3493bc9e71e7ac09e8840be07a057bca2460902f59258441061296509da98 3 0 0 0
f018561b1a851e46c4561d69d467893c03831a4dede14a55755ca94cdf4b0440 6 0 0 0
452affa8b1562d650d36d895c844284f6b8e5867d580537578f36e6ab74393bb 2 0 0 0
d9c8a4ae7895f302c40e0778553bb9fa81707ca98a492068d778301beddaa187 2 0 0 0
652e161242d8372f7921537149b5005f68b2eda3c1a667b0186098be6bcf40d0 1 0 0 0
7f6bbed083c5301a13f313e55867b6e634dc77aa54fccb5396882974d85be317 0 0 0 0
84182490caa7ef239b3ed5db3affc8a2cd816341628ee8fc2466502409798a90 0 0 0 0
55ec37b2979cda76473ea7f278383f2e91f2b6f2f50deb2b3c7d051bc4fab166 180 0 0 0
5fc01368852376e0d3c7d9e2b0ff0358d78fec56ea50e3294e4f1fc6dcebc900 0 0 0 0
dc7b4b3db190ecd95bfca1b1032525ea5992ebfec0d88996cc1eb727a4312e18 40 0 0 0
a2069d1ec4996c32faca13f477a0a9a7f1897be58534f69665365547e64b9998 5 0 0 0
bb431baf6db529ecba2d2ebcb76b191b36b581811828f7f19a3d821dacccc67e 5 0 0 0
528a4370d6354e004a82d53324ee367334bdf09a939555a5c3087cec94605dc8 2 0 0 0
1a382054fd368acef3321bdf7987796a030bb5b1a26a78519d1c6d10e54d3790 402 0 0 0
3c45bab8c1f1c3606165b5b143169357ca070abfc44ecb1cf1b6c939ade9c452 15 0 0 0
8449f75ad2ac3ea18651ff3bb397ef476f2525aa7324f11b10b960ba18a12414 163 1 31 0
789e7a355c2e9bca901f96b6252a79c8bcdba88968d41394b633110bf8da3075 4 0 0 0
74359591190c7e754f973472b635457e8e64cdd501e8172cab683ab6b3a206c5 11 11 10345 50
1c5b7428d89b4e860f744cda9d6fc81918581dc87e9f369ad990ffcd0157606a 1 0 0 0
0e71a0c1c411dfafd6fe7cd53d60ee25d0ee37a4674103d8ba817e137ccf38e9 1 0 0 0
9e5c343df6558e7c934bdb69ceac67caffae4aa65f23aad0a2fb1521daf9864d 0 0 0 0
01d571bcbfa982a362d0b42f91a24cf91717b3be26cefecacafae09b15323360 1 1 2 0
3c603c1c0939a6d232b0e4a88f657980e8d04c66b4695d92ae123402e67d8398 10 6 378 36
632e0be3aa39a260b125e91a3093c2d449f8e1120b38ef96bc2075ae9457c0ca 13 9 157 53
7148ce737101abb64feb2c4296bef2f012d9c8924abf5b65fbc455bba4c518a3 13 9 6599 416
5a73c4cfe28c33b38996e53d5f50c92cf27920f807498f0eb1c564ab71b33882 3 1 129 9
97ff2fbd49dd5b8b8bfc1c46913c9c9400f5a18f7ab27afac38227525ed684c1 3 1 123 8
ec4e2bd2241581738c782bdf242641d426e57f33d4e9c0c80cb0a2a7fcf42f8f 64 23 15337 1516
595e0b160fa210942895df875533cb3bc150a21bb2e528e69df7a350be1fe89d 5 0 0 0
b68cf744e69aceb01f4b04e9e6d7e73c989b250c8fb2db273f5fcdeec37071e3 64 37 661442 205
994fc4d2a86e65c4880a5f744aad761547ce1f0f022bfb85895a6f7837a3ae81 33 33 10786 1552
fcce971575cc643de9eda459b239f453bfbb2d6da1a72f3b0ad16666ea0dd309 5 5 4181 20
7234d422e716a51103f63d8eda7a7bce6a8dead325a001a4421658089881a48f 172 0 0 0
bdb6d4909e82867e635d9ffedae416f16eab1cf8cdd2db9cb7df95f75e1d4984 12 11 4591349 4567827
5c8540ce73009f359c489753cd616b617611b685722bd4dcd20210e06fb21d73 1 0 0 0
7d98eef74d878e1e7d5b63455dacf93b4fae051dab40e3d2e57bbfd4b264623e 2 0 0 0
01f2ea09758e5d29a5c274f0a9ada95b79daaa09d32c4c87ce3dfa83549edf79 112 84 12732 6973
39de199d9c26cad32051c6db521b0012152b7472d21b704f21a2928753046df8 3 0 0 0
3360c047de8caa3adfe3aa91ad35879345ebf3a3cc24df2454c7fb057848f324 3 0 0 0
7d6d4b513e42f49d717f58c08b56af28f08ed4fdcc5b19ca5a0177b05af7aaf1 1 0 0 0
fee7c845ef56cb396487f4c6392f126336af87fbd834aebd83bdd590d69dce62 14 0 0 0
d642060c4ee72152dd958863cb070b0824c9b1eaabe7766cf394c47a553d80c7 3 0 0 0
8c18d23dbb4a25900e6f048fd79d2d69e7090449202e145baa742ae856e4d77e 8 5 499 79
9bb4f3e67911454640e7887a741127bd30a8e8c3d30616e4c66c23801460e19b 1 0 0 0
c98e72f0ce857c0cf7a853832c1f451f7d9349f2758fa80171d753d05af3eb2f 1 0 0 0
0d8675c6a46cceeffb65a33517e995e618952590925e76da37a17597c5480cee 1 0 0 0
3a3f94a6d60a9da95602e326eb9a367a5af793eb716d7939c4e32e108b3937fa 4 0 0 0
97c471d1a9b7e4e85fe1f0a328b471fbd453faf9b333ca500658982202d3ecbb 15 15 2623 619
f2e875e2d565ea369a43691e6602f5f37ca31a34b79ad7cc336e5a25478c98f0 53 48 2336525 3315
be0a6e2d4fd1c6ca0e8e853fc1d069df5266912553448b0872122be4bfef55fa 26 26 17051 3814
3d78c6b97c29d45b72e3767af8094dce74474cd8621dd060e4654378073d7f37 37 37 6056 3264
6ed2a055effaaa6ee4b6a4f2f6efc8ade958e04a624594530c0092f338374dd4 95 11 2686 221
4985dceeec92e65dcb6e30e8df9f549e0f09f23218af465a70590e2753bbc0cb 18 3 2289 692
bf9dc68c3faca0e44a37d81e88ff406b7b49e456ecf46df6e131c4886f15d00e 266 1 3199 0
a4a7c22404b37d71c47c8b373e9fd68117936f2b45a30b190e43a1f218414e22 254 75 41225 13818
cc6cb423a0b0a411993f5b178e3a01d15d64cf7c5595048f857a6c29ff536d98 6 5 1275 198
